--------------------------------------------------------------------------------------------------------------------------------------------------------------------------
amip-p4K vs WCRP Unassessed Cloud Feedbacks
--------------------------------------------------------------------------------------------------------------------------------------------------------------------------
Date modified: 2021-09-02
Contact: Mark D. Zelinka [zelinka1@llnl.gov]
--------------------------------------------------------------------------------------------------------------------------------------------------------------------------
Model                Variant      Lo Alt       Marine Hi    Marine Lo    Land Tau     60-90 Amt    Extr Lo Tau  Extr Hi Tau  Extr Hi Amt  Obsc Cov     Z13 Resid    Sum Unassessed
--------------------------------------------------------------------------------------------------------------------------------------------------------------------------
CCSM4                r1i1p1       0.01         -0.02        -0.05        -0.02        0.00         -0.01        0.00         0.01         0.00         0.04         -0.03        
CNRM-CM5             r1i1p1       0.01         -0.01        0.00         -0.02        -0.02        -0.01        -0.09        0.02         -0.00        0.07         -0.04        
CanAM4               r1i1p1       0.02         -0.01        0.05         0.01         -0.01        -0.01        -0.07        0.02         -0.00        0.05         0.05         
HadGEM2-A            r1i1p1       0.00         0.03         -0.00        0.00         -0.01        -0.02        -0.07        0.01         0.00         0.04         -0.01        
MIROC5               r1i1p1       0.03         -0.00        0.01         -0.01        -0.01        -0.00        -0.04        0.02         -0.00        -0.02        -0.02        
MPI-ESM-LR           r1i1p1       0.02         -0.03        0.18         0.01         -0.00        -0.02        -0.15        0.02         -0.00        0.06         0.07         
MRI-CGCM3            r1i1p1       0.01         0.02         -0.01        0.01         -0.01        -0.00        -0.07        0.00         0.00         -0.02        -0.07        
--------------------------------------------------------------------------------------------------------------------------------------------------------------------------
CMIP5 Average                     0.02         -0.00        0.02         -0.00        -0.01        -0.01        -0.07        0.02         -0.00        0.03         -0.01        
CMIP5 Stdev                       0.01         0.02         0.07         0.01         0.01         0.01         0.04         0.01         0.00         0.03         0.05         
--------------------------------------------------------------------------------------------------------------------------------------------------------------------------
BCC-CSM2-MR          r1i1p1f1     0.01         -0.01        -0.04        0.01         -0.01        0.01         0.03         0.03         0.00         0.04         0.08         
CESM2                r1i1p1f1     0.01         0.02         -0.00        0.01         0.01         -0.02        0.02         0.03         -0.00        -0.04        0.02         
CNRM-CM6-1           r1i1p1f2     0.01         0.02         0.02         0.00         -0.00        -0.01        -0.06        0.02         0.00         0.09         0.09         
CanESM5              r1i1p2f1     0.01         0.00         0.06         0.03         -0.00        -0.00        -0.01        0.01         -0.00        0.05         0.15         
E3SM-1-0             r2i1p1f1     0.01         0.03         0.05         0.01         -0.00        -0.02        0.04         0.02         -0.00        -0.00        0.14         
GFDL-CM4             r1i1p1f1     0.01         -0.01        0.02         -0.01        0.01         -0.01        -0.08        0.01         -0.00        0.07         0.01         
HadGEM3-GC31-LL      r5i1p1f3     -0.00        0.04         -0.01        0.01         0.01         0.03         0.02         0.00         0.00         0.04         0.13         
IPSL-CM6A-LR         r1i1p1f1     -0.01        0.13         0.02         -0.03        0.00         0.00         -0.10        0.01         0.00         0.04         0.09         
MIROC6               r1i1p1f1     0.02         0.01         -0.07        -0.01        -0.01        -0.00        -0.07        0.03         0.00         -0.01        -0.11        
MRI-ESM2-0           r1i1p1f1     0.01         0.00         -0.01        0.00         -0.01        -0.02        -0.00        0.00         0.00         0.02         -0.00        
--------------------------------------------------------------------------------------------------------------------------------------------------------------------------
CMIP6 Average                     0.01         0.02         0.00         0.00         -0.00        -0.01        -0.02        0.02         0.00         0.03         0.06         
CMIP6 Stdev                       0.01         0.04         0.04         0.01         0.01         0.02         0.05         0.01         0.00         0.04         0.08         
--------------------------------------------------------------------------------------------------------------------------------------------------------------------------
CMIP5/6 Average                   0.01         0.01         0.01         0.00         -0.00        -0.01        -0.04        0.02         -0.00        0.03         0.03         
CMIP5/6 Stdev                     0.01         0.04         0.05         0.01         0.01         0.01         0.05         0.01         0.00         0.04         0.07         
--------------------------------------------------------------------------------------------------------------------------------------------------------------------------
